structure(list(Representative = c("Thomas Suozzi", "Cynthia Axne", 
"David Perdue", "Ted Cruz", "Cheri Bustos", "Daniel Meuser", 
"Dave Joyce", "Bill Cassidy", "Tim Kaine", "Tom Malinowski", 
"Derek Kilmer", "James Inhofe", "Harley Rouda", "Roger Marshall", 
"Shelley Capito", "Virginia Foxx", "Peter Welch", "Dan Crenshaw", 
"Donna Shalala", "Mario Diaz-Balart", "Brian Higgins", "Patrick Toomey", 
"John Rutherford", "Christopher Coons", "Thomas Carper", "Sheldon Whitehouse", 
"Michael Guest", "Sean Maloney", "Debbie Wasserman Schultz", 
"Bill Pascrell", "Rick Allen", "Roy Blunt", "Warren Davidson", 
"Jim Langevin", "Pat Roberts", "Josh Gottheimer", "John Curtis", 
"Kathy Manning", "Gary Palmer", "Joe Courtney", "Jerry Moran", 
"Brad Schneider", "Susan Collins", "Pete Sessions", "David Trone", 
"Gerald Connolly", "David Rouzer", "Tommy Tuberville", "Robert Wittman", 
"John Hoeven", "August Pfluger", "Austin Scott", "Mike Garcia", 
"Tom Udall", "John Yarmuth", "Stephanie Murphy", "Lloyd Smucker", 
"Blake Moore", "Carol Miller", "Kim Schrier", "Barbara Comstock", 
"Pat Fallon", "Suzan DelBene", "Dan Sullivan", "Van Taylor", 
"Carlos Curbelo", "Donald Beyer", "Tom MacArthur", "Tammy Duckworth", 
"K. Conaway", "William Timmons", "Kelly Loeffler", "Marie Newman", 
"Greg Gianforte", "Mike Simpson", "Alan Lowenthal", "Katherine Clark", 
"Kevin Hern", "Lizzie Fletcher", "Ed Perlmutter", "Chris Jacobs", 
"Susie Lee", "Mo Brooks", "Dwight Evans", "Sara Jacobs", "Mark Green", 
"Dean Phillips", "Earl Blumenauer", "Brian Mast", "Mikie Sherrill"
), transaction_count = c(203L, 71L, 200L, 1L, 3L, 28L, 2L, 19L, 
1L, 120L, 1L, 3L, 2L, 28L, 76L, 1L, 2L, 6L, 193L, 3L, 3L, 11L, 
48L, 6L, 4L, 29L, 1L, 2L, 1L, 2L, 5L, 2L, 1L, 13L, 37L, 121L, 
3L, 31L, 76L, 20L, 26L, 6L, 4L, 27L, 3L, 1L, 1L, 46L, 4L, 1L, 
7L, 6L, 2L, 1L, 38L, 1L, 9L, 40L, 14L, 1L, 2L, 53L, 3L, 2L, 1L, 
15L, 2L, 11L, 2L, 16L, 3L, 41L, 26L, 13L, 2L, 2L, 76L, 11L, 16L, 
18L, 7L, 119L, 3L, 8L, 26L, 1L, 14L, 2L, 4L, 1L), transaction_amount = c(2346203, 
71071, 613200, 15001, 45003, 56028, 16002, 19019, 1001, 1002120, 
1001, 80003, 200002, 28028, 104076, 15001, 2002, 6006, 270193, 
3003, 45003, 95011, 48048, 6006, 4004, 113029, 1001, 2002, 15001, 
16002, 33005, 51002, 15001, 351013, 345037, 149121, 3003, 87031, 
76076, 20020, 26026, 515006, 32004, 96314.21, 52003, 1001, 1001, 
250046, 4004, 100001, 7007, 20006, 30002, 15001, 485038, 1001, 
79009, 40040, 126014, 500001, 2002, 4499053, 6001002, 2002, 500001, 
29015, 2002, 53011, 2002, 261016, 3003, 1159041, 152026, 1431013, 
2002, 2002, 90076, 631011, 16016, 18018, 63007, 161119, 17003, 
8008, 775026, 15001, 28014, 2002, 18004, 770.32), lag = c(668.167487684729, 
574.774647887324, 547.87, 535, 501.666666666667, 479.821428571429, 
472.5, 463.736842105263, 455, 454.633333333333, 448, 428.333333333333, 
417, 407.178571428571, 403.065789473684, 403, 380.5, 365.333333333333, 
358.170984455959, 356, 341, 323.454545454545, 318.875, 304.166666666667, 
301, 294.896551724138, 285, 280, 279, 276.5, 264.6, 256, 246, 
245.076923076923, 245, 239.537190082645, 235, 220.645161290323, 
210.131578947368, 184.5, 175.153846153846, 173.833333333333, 
160, 159.888888888889, 157, 156, 148, 131.369565217391, 128, 
127, 125, 122, 121, 121, 120.605263157895, 120, 119.222222222222, 
114.5, 114.214285714286, 108, 106.5, 94.5660377358491, 90.6666666666667, 
90.5, 89, 86.4666666666667, 84, 81.2727272727273, 80, 77.125, 
71, 70.7560975609756, 68.8846153846154, 68.3846153846154, 68, 
65, 63.6710526315789, 63.5454545454545, 59.5, 59.1111111111111, 
59, 58.3529411764706, 58.3333333333333, 53.5, 49, 47, 46.9285714285714, 
46.5, 46, 46)), class = c("tbl_df", "tbl", "data.frame"), row.names = c(NA, 
-90L))
