structure(list(X = c(57L, 60L, 69L, 70L, 1033L, 1034L, 1035L, 
1036L, 1348L, 1376L, 1931L, 2124L, 2125L, 2549L, 2623L, 2624L, 
2874L, 3382L, 4660L, 4708L, 4895L, 5680L, 5831L, 5988L, 6325L, 
6537L, 7033L, 7107L, 7646L, 7648L, 7675L, 8050L, 8254L, 8259L, 
9312L, 9313L, 9436L, 9437L, 9583L, 9584L, 9675L, 10038L, 10094L
), trans_date = c("2020-05-26", "2020-04-23", "2020-06-04", "2020-06-04", 
"2021-03-04", "2021-03-04", "2021-03-04", "2021-03-04", "2020-10-30", 
"2020-03-06", "2020-02-14", "2020-05-05", "2020-04-29", "2019-03-06", 
"2021-10-25", "2021-10-22", "2020-11-16", "2021-01-27", "2017-10-12", 
"2019-11-15", "2020-12-24", "2021-08-13", "2021-10-13", "2020-08-07", 
"2020-10-16", "2020-11-20", "2020-04-22", "2021-07-02", "2017-05-01", 
"2017-04-27", "2020-01-10", "2020-10-05", "2020-11-18", "2020-11-20", 
"2020-04-22", "2020-04-22", "2020-01-14", "2019-12-20", "2020-03-10", 
"2020-03-02", "2017-10-16", "2020-01-13", "2020-01-28"), Ticker = structure(c(3L, 
3L, 3L, 3L, 61L, 61L, 61L, 61L, 75L, 80L, 128L, 145L, 145L, 182L, 
187L, 187L, 221L, 254L, 377L, 383L, 393L, 448L, 464L, 486L, 513L, 
529L, 579L, 584L, 599L, 599L, 602L, 631L, 656L, 656L, 736L, 736L, 
752L, 752L, 760L, 760L, 773L, 807L, 812L), .Label = c("A", "AA", 
"AAL", "AAN", "AAP", "AAPL", "ACB", "ACC", "ACGL", "ACHC", "ACI", 
"ACIW", "ACN", "ACST", "ADC", "ADI", "ADM", "ADP", "ADS", "AESE", 
"AFL", "AFRM", "AGO", "AGR", "AHCO", "AI", "AIG", "AIMC", "AIN", 
"AIO", "AIV", "AIZ", "AJG", "AJRD", "AKAM", "AL", "ALB", "ALC", 
"ALE", "ALGM", "ALGN", "ALGT", "ALK", "ALL", "ALLE", "ALLO", 
"ALLY", "ALNY", "ALRM", "AMAT", "AMBA", "AMCX", "AME", "AMN", 
"AMP", "AMRC", "AMRX", "AMSF", "AMT", "AMTD", "AMTX", "AMWD", 
"AMZN", "AN", "ANET", "ANIK", "ANSS", "ANTM", "ANY", "AON", "AOSL", 
"APA", "APAM", "APD", "APEN", "APH", "APLE", "APTV", "AQN", "AQUA", 
"ARAV", "ARCC", "ARE", "ARI", "ARLP", "ARMK", "ARNA", "AROW", 
"ARR", "ASB", "ASGN", "ASIX", "ASML", "ASND", "ASX", "ASXC", 
"ATHM", "ATO", "ATOS", "ATR", "ATVI", "AVB", "AVLR", "AVT", "AVY", 
"AVYA", "AWI", "AWK", "AXGN", "AXTA", "AZEK", "AZN", "AZPN", 
"BA", "BAC", "BALY", "BAM", "BBBY", "BBU", "BDX", "BE", "BECN", 
"BEEM", "BEP", "BERY", "BFAM", "BGCP", "BGFV", "BIDU", "BIF", 
"BIG", "BKNG", "BKR", "BKU", "BLDR", "BLKB", "BLL", "BMO", "BOKF", 
"BP", "BTZ", "BUD", "BUI", "BURL", "BYND", "CAG", "CAH", "CAJ", 
"CALX", "CASY", "CAT", "CATO", "CATY", "CB", "CCS", "CCXI", "CDAY", 
"CDE", "CERN", "CIG", "CIM", "CINF", "CLB", "CLNE", "CLR", "CNHI", 
"CNI", "CNK", "CNMD", "COHR", "COIN", "CONE", "CRM", "CRMT", 
"CRON", "CSIQ", "CTSH", "CTVA", "CTXS", "DAL", "DASH", "DBD", 
"DLTR", "DM", "DVA", "DVN", "DWAC", "DXC", "DXCM", "FL", "FLEX", 
"FLR", "FLS", "FLT", "FMAO", "FMC", "FMS", "FMX", "FNB", "FNF", 
"FNKO", "FNV", "FOUR", "FOX", "FOXA", "FOXF", "FPL", "FRC", "FRT", 
"FSK", "FSLR", "FSLY", "FSP", "FTAI", "FTDR", "FTI", "FTK", "FTNT", 
"FTS", "FTV", "FUBO", "FUL", "FUN", "FUND", "FVRR", "FWONK", 
"G", "GAN", "GBCI", "GBDC", "GBT", "GBX", "GCO", "GCP", "GD", 
"GDDY", "GDRX", "GE", "GEL", "GFL", "GGG", "GGT", "GH", "GILD", 
"GIS", "GLAD", "GLOB", "GLOP", "GLP", "GLPI", "GLW", "GM", "GMAB", 
"GME", "GMED", "GMRE", "GNRC", "GNTX", "GO", "GOGO", "GOLD", 
"GOLF", "GOOG", "GOOGL", "GOOS", "GPC", "GPK", "GPN", "GPRO", 
"GPS", "GRFS", "GRMN", "GRPN", "GRUB", "GS", "GSK", "GT", "GTES", 
"GTN", "GTX", "GVA", "GWRE", "GWW", "GXO", "H", "HA", "HAE", 
"HAIN", "HAL", "HALO", "HAS", "HASI", "HAYN", "HBAN", "HBI", 
"HCA", "HCP", "HCSG", "HD", "HDB", "HE", "HEI", "HELE", "HES", 
"HESM", "HFC", "HGV", "HHC", "HIBB", "HIG", "HII", "HIPO", "HIW", 
"HL", "HLI", "HLIO", "HLT", "HMC", "HMN", "HNI", "HNST", "HOFV", 
"HOG", "HOLX", "HOMB", "HON", "HOPE", "HP", "HPE", "HPP", "HPQ", 
"HQL", "HQY", "HRB", "HRI", "HRL", "HRTX", "HSBC", "HSIC", "HST", 
"HSTM", "HSY", "HTA", "HTLD", "HTZ", "HUBB", "HUBS", "HUM", "HUN", 
"HUYA", "HWM", "HXL", "HZN", "IAA", "IAC", "IART", "IBKR", "IBM", 
"IBN", "IBP", "ICE", "ICFI", "ICL", "ICLR", "ICUI", "IDA", "IDXX", 
"IEX", "IFF", "IHG", "IHRT", "IIN", "IIVI", "ILMN", "ILPT", "INCY", 
"INFI", "INFO", "INFY", "ING", "INGN", "INGR", "INMD", "INO", 
"INST", "INTC", "INTU", "INVH", "IONS", "IP", "IPG", "IPGP", 
"IPWR", "IQV", "IR", "IRBT", "IRM", "IRTC", "IS", "ISD", "ISRG", 
"IT", "ITCI", "ITUB", "ITW", "IVZ", "IX", "J", "JAZZ", "JBI", 
"JBL", "JBT", "JCI", "JD", "JEF", "JG", "JHX", "JJSF", "JKHY", 
"JLL", "JNJ", "JNPR", "JOE", "JPM", "JRVR", "JWN", "K", "KAI", 
"KAR", "KDP", "KEY", "KEYS", "KHC", "KIDS", "KIM", "KKR", "KLAC", 
"KLIC", "KMB", "KMI", "KMPR", "KMT", "KMX", "KN", "KNOP", "KNX", 
"KO", "KPLT", "KR", "KRG", "KRNT", "KSS", "KTB", "KTOS", "KYN", 
"L", "LAD", "LAMR", "LANC", "LAND", "LAUR", "LBRDA", "LBRDK", 
"LCID", "LCII", "LDOS", "LDP", "LEA", "LECO", "LEE", "LEG", "LEN", 
"LESL", "LEVI", "LFUS", "LGI", "LGND", "LH", "LHCG", "LHX", "LI", 
"LII", "LIN", "LITE", "LKQ", "LL", "LLL", "LLY", "LMACU", "LMND", 
"LMT", "LNC", "LNG", "LNN", "LNT", "LOGI", "LOPE", "LOW", "LPLA", 
"LRCX", "LSCC", "LSTR", "LSXMK", "LTC", "LTHM", "LULU", "LUMN", 
"LUV", "LVS", "LW", "LXFR", "LYB", "LYFT", "LYG", "LYV", "LZ", 
"M", "MA", "MAA", "MAC", "MAIN", "MAN", "MANH", "MANT", "MAR", 
"MAS", "MASI", "MAT", "MAXR", "MC", "MCD", "MCHP", "MCK", "MCO", 
"MCS", "MD", "MDB", "MDC", "MDLZ", "MDRX", "MDT", "MDU", "MDXG", 
"MED", "MEDP", "MELI", "MEOH", "MET", "MFC", "MFG", "MFGP", "MGA", 
"MGM", "MGP", "MGPI", "MGY", "MHK", "MHLD", "MIC", "MIDD", "MITK", 
"MKC", "MKL", "MKSI", "MKTX", "MLCO", "MLM", "MMC", "MMLP", "MMM", 
"MMP", "MMS", "MN", "MNRO", "MNST", "MO", "MORN", "MOS", "MPC", 
"MPLN", "MPLX", "MPW", "MPWR", "MRIN", "MRK", "MRNA", "MRO", 
"MRVL", "MS", "MSA", "MSB", "MSCI", "MSFT", "MSI", "MSM", "MSTR", 
"MT", "MTB", "MTBC", "MTCH", "MTD", "MTDR", "MTH", "MTN", "MTSI", 
"MTX", "MU", "MUFG", "MXL", "MYE", "NATI", "NAVI", "NBIX", "NCLH", 
"NCR", "NDAQ", "NDSN", "NEE", "NEM", "NEO", "NEOG", "NEU", "NEWR", 
"NFG", "NFLX", "NGG", "NGL", "NHI", "NI", "NICE", "NIO", "NKE", 
"NKTR", "NLOK", "NLSN", "NLY", "NMIH", "NMR", "NMRD", "NMRK", 
"NNN", "NNVC", "NOC", "NOK", "NOV", "NOVT", "NOW", "NPK", "NRDY", 
"NRG", "NRZ", "NS", "NSC", "NTAP", "NTES", "NTLA", "NTNX", "NTR", 
"NTRA", "NTRS", "NUAN", "NUE", "NUVA", "NVAX", "NVCR", "NVDA", 
"NVEE", "NVGS", "NVO", "NVR", "NVS", "NVT", "NWE", "NWG", "NWL", 
"NWN", "NWS", "NWSA", "NXPI", "NXST", "NYCB", "NYMX", "NYT", 
"O", "OCFC", "OCN", "ODFL", "OEC", "OFC", "OGE", "OGN", "OKE", 
"OKTA", "OLP", "OMC", "OMCL", "ON", "OPI", "ORA", "ORAN", "ORCC", 
"ORCL", "ORLY", "ORMP", "OSK", "OSUR", "OSW", "OTIC", "OTIS", 
"OXM", "OZK", "PACW", "PANW", "PATK", "PAYX", "PB", "PBA", "PBYI", 
"PCAR", "PCG", "PCH", "PCRX", "PEAK", "PEB", "PEG", "PEGA", "PFE", 
"PFG", "PFGC", "PG", "PGNY", "PGR", "PGRE", "PH", "PHG", "PINS", 
"PK", "PKI", "PLNT", "PNR", "PNW", "PODD", "POOL", "POR", "POST", 
"POWI", "PPBI", "PRGO", "PRIM", "PRLB", "PRO", "PROF", "PSA", 
"PSXP", "PTEN", "PTON", "PVH", "QCOM", "QCRH", "QDEL", "QGEN", 
"QRTEA", "QS", "RACE", "RAMP", "RAND", "RBCAA", "RBLX", "RCI", 
"RCII", "RCKY", "RCL", "RCON", "RDFN", "RE", "RELX", "REXR", 
"ROKU", "ROL", "RPM", "RQI", "RRC", "RSG", "RTX", "RUN", "RVLV", 
"SABR", "SANM", "SAVE", "SBAC", "SCU", "SDC", "SEIC", "SF", "SKY", 
"SONY", "SPGI", "SPOT", "SPR", "SPSC", "SPWR", "SPXC", "SQ", 
"SRLP", "SRNE", "SRPT", "SSL", "STAG", "STOR", "SWKS", "SWN", 
"TDOC", "TGNA", "TJX", "TKC", "TWLO"), class = "factor"), Representative = structure(c(1L, 
1L, 120L, 120L, 18L, 18L, 18L, 18L, 156L, 147L, 18L, 135L, 120L, 
46L, 96L, 105L, 152L, 121L, 134L, 158L, 18L, 7L, 167L, 156L, 
83L, 151L, 86L, 49L, 134L, 134L, 83L, 152L, 44L, 151L, 36L, 36L, 
156L, 156L, 59L, 83L, 134L, 60L, 44L),