structure(list(X = c(61L, 744L, 991L, 992L, 1854L, 1905L, 1929L, 
1930L, 2721L, 2722L, 2723L, 2724L, 2725L, 2726L, 2727L, 2728L, 
2873L, 3092L, 3381L, 5740L, 5741L, 5742L, 5743L, 5744L, 5745L, 
6400L, 6487L, 6694L, 7200L, 7647L, 7649L, 7734L, 8024L, 8052L, 
8053L, 8699L, 8700L, 8947L, 9582L, 9669L, 9676L, 9699L, 9788L, 
9789L, 9790L, 9791L, 9792L, 9793L, 9794L, 9795L, 9796L, 9797L, 
9798L, 9799L, 9800L, 9801L, 9802L, 9803L, 9804L, 9805L, 9806L, 
9807L, 9808L, 9809L, 9810L, 9811L, 9812L, 9813L, 9814L, 9815L, 
9816L, 9817L, 9818L, 9819L, 9820L, 9821L, 9822L, 9823L, 9824L, 
9825L, 9826L, 9827L, 9828L, 9829L, 9830L, 9831L, 9832L, 9833L, 
9834L, 9835L, 9836L, 9837L, 9838L, 9839L, 9840L, 9841L, 9842L, 
9843L, 9844L, 9845L, 9988L, 10037L), trans_date = c("2020-04-23", 
"2020-04-06", "2019-05-29", "2019-05-24", "2020-02-27", "2020-11-05", 
"2020-08-07", "2020-08-07", "2020-02-12", "2020-02-11", "2020-02-10", 
"2020-02-10", "2020-02-07", "2020-02-07", "2020-02-06", "2020-02-05", 
"2020-11-18", "2020-03-11", "2021-01-28", "2020-03-05", "2020-03-04", 
"2020-03-04", "2020-03-03", "2020-03-03", "2020-03-02", "2020-02-28", 
"2020-02-07", "2019-05-30", "2021-07-22", "2017-05-01", "2017-04-27", 
"2020-03-17", "2020-02-27", "2020-07-06", "2020-07-02", "2020-02-20", 
"2020-02-20", "2018-11-19", "2020-05-21", "2020-02-11", "2017-10-16", 
"2017-09-28", "2020-07-13", "2020-07-13", "2020-07-13", "2020-07-13", 
"2020-07-13", "2020-07-13", "2020-07-13", "2020-07-13", "2020-07-13", 
"2020-07-13", "2020-07-13", "2020-07-13", "2020-07-13", "2020-07-13", 
"2020-07-13", "2020-07-13", "2020-07-02", "2020-07-02", "2020-07-02", 
"2020-07-02", "2020-07-02", "2020-07-02", "2020-07-02", "2020-07-02", 
"2020-07-01", "2020-07-01", "2020-07-01", "2020-07-01", "2020-07-01", 
"2020-07-01", "2020-07-01", "2020-07-01", "2020-06-23", "2020-06-23", 
"2020-06-23", "2020-06-23", "2020-06-23", "2020-06-23", "2020-06-22", 
"2020-06-22", "2020-06-22", "2020-06-22", "2020-06-22", "2020-06-22", 
"2020-06-19", "2020-06-19", "2020-06-19", "2020-06-19", "2020-06-19", 
"2020-06-19", "2020-06-19", "2020-06-19", "2020-06-19", "2020-06-19", 
"2020-06-19", "2020-06-19", "2020-06-18", "2020-06-18", "2020-05-01", 
"2020-04-15"), Ticker = structure(c(3L, 28L, 57L, 57L, 118L, 
123L, 128L, 128L, 201L, 201L, 201L, 201L, 201L, 201L, 201L, 201L, 
221L, 239L, 254L, 449L, 449L, 449L, 449L, 449L, 449L, 517L, 520L, 
543L, 586L, 599L, 599L, 614L, 627L, 631L, 631L, 692L, 692L, 720L, 
760L, 772L, 773L, 778L, 785L, 785L, 785L, 785L, 785L, 785L, 785L, 
785L, 785L, 785L, 785L, 785L, 785L, 785L, 785L, 785L, 785L, 785L, 
785L, 785L, 785L, 785L, 785L, 785L, 785L, 785L, 785L, 785L, 785L, 
785L, 785L, 785L, 785L, 785L, 785L, 785L, 785L, 785L, 785L, 785L, 
785L, 785L, 785L, 785L, 785L, 785L, 785L, 785L, 785L, 785L, 785L, 
785L, 785L, 785L, 785L, 785L, 785L, 785L, 803L, 807L), .Label = c("A", 
"AA", "AAL", "AAN", "AAP", "AAPL", "ACB", "ACC", "ACGL", "ACHC", 
"ACI", "ACIW", "ACN", "ACST", "ADC", "ADI", "ADM", "ADP", "ADS", 
"AESE", "AFL", "AFRM", "AGO", "AGR", "AHCO", "AI", "AIG", "AIMC", 
"AIN", "AIO", "AIV", "AIZ", "AJG", "AJRD", "AKAM", "AL", "ALB", 
"ALC", "ALE", "ALGM", "ALGN", "ALGT", "ALK", "ALL", "ALLE", "ALLO", 
"ALLY", "ALNY", "ALRM", "AMAT", "AMBA", "AMCX", "AME", "AMN", 
"AMP", "AMRC", "AMRX", "AMSF", "AMT", "AMTD", "AMTX", "AMWD", 
"AMZN", "AN", "ANET", "ANIK", "ANSS", "ANTM", "ANY", "AON", "AOSL", 
"APA", "APAM", "APD", "APEN", "APH", "APLE", "APTV", "AQN", "AQUA", 
"ARAV", "ARCC", "ARE", "ARI", "ARLP", "ARMK", "ARNA", "AROW", 
"ARR", "ASB", "ASGN", "ASIX", "ASML", "ASND", "ASX", "ASXC", 
"ATHM", "ATO", "ATOS", "ATR", "ATVI", "AVB", "AVLR", "AVT", "AVY", 
"AVYA", "AWI", "AWK", "AXGN", "AXTA", "AZEK", "AZN", "AZPN", 
"BA", "BAC", "BALY", "BAM", "BBBY", "BBU", "BDX", "BE", "BECN", 
"BEEM", "BEP", "BERY", "BFAM", "BGCP", "BGFV", "BIDU", "BIF", 
"BIG", "BKNG", "BKR", "BKU", "BLDR", "BLKB", "BLL", "BMO", "BOKF", 
"BP", "BTZ", "BUD", "BUI", "BURL", "BYND", "CAG", "CAH", "CAJ", 
"CALX", "CASY", "CAT", "CATO", "CATY", "CB", "CCS", "CCXI", "CDAY", 
"CDE", "CERN", "CIG", "CIM", "CINF", "CLB", "CLNE", "CLR", "CNHI", 
"CNI", "CNK", "CNMD", "COHR", "COIN", "CONE", "CRM", "CRMT", 
"CRON", "CSIQ", "CTSH", "CTVA", "CTXS", "DAL", "DASH", "DBD", 
"DLTR", "DM", "DVA", "DVN", "DWAC", "DXC", "DXCM", "FL", "FLEX", 
"FLR", "FLS", "FLT", "FMAO", "FMC", "FMS", "FMX", "FNB", "FNF", 
"FNKO", "FNV", "FOUR", "FOX", "FOXA", "FOXF", "FPL", "FRC", "FRT", 
"FSK", "FSLR", "FSLY", "FSP", "FTAI", "FTDR", "FTI", "FTK", "FTNT", 
"FTS", "FTV", "FUBO", "FUL", "FUN", "FUND", "FVRR", "FWONK", 
"G", "GAN", "GBCI", "GBDC", "GBT", "GBX", "GCO", "GCP", "GD", 
"GDDY", "GDRX", "GE", "GEL", "GFL", "GGG", "GGT", "GH", "GILD", 
"GIS", "GLAD", "GLOB", "GLOP", "GLP", "GLPI", "GLW", "GM", "GMAB", 
"GME", "GMED", "GMRE", "GNRC", "GNTX", "GO", "GOGO", "GOLD", 
"GOLF", "GOOG", "GOOGL", "GOOS", "GPC", "GPK", "GPN", "GPRO", 
"GPS", "GRFS", "GRMN", "GRPN", "GRUB", "GS", "GSK", "GT", "GTES", 
"GTN", "GTX", "GVA", "GWRE", "GWW", "GXO", "H", "HA", "HAE", 
"HAIN", "HAL", "HALO", "HAS", "HASI", "HAYN", "HBAN", "HBI", 
"HCA", "HCP", "HCSG", "HD", "HDB", "HE", "HEI", "HELE", "HES", 
"HESM", "HFC", "HGV", "HHC", "HIBB", "HIG", "HII", "HIPO", "HIW", 
"HL", "HLI", "HLIO", "HLT", "HMC", "HMN", "HNI", "HNST", "HOFV", 
"HOG", "HOLX", "HOMB", "HON", "HOPE", "HP", "HPE", "HPP", "HPQ", 
"HQL", "HQY", "HRB", "HRI", "HRL", "HRTX", "HSBC", "HSIC", "HST", 
"HSTM", "HSY", "HTA", "HTLD", "HTZ", "HUBB", "HUBS", "HUM", "HUN", 
"HUYA", "HWM", "HXL", "HZN", "IAA", "IAC", "IART", "IBKR", "IBM", 
"IBN", "IBP", "ICE", "ICFI", "ICL", "ICLR", "ICUI", "IDA", "IDXX", 
"IEX", "IFF", "IHG", "IHRT", "IIN", "IIVI", "ILMN", "ILPT", "INCY", 
"INFI", "INFO", "INFY", "ING", "INGN", "INGR", "INMD", "INO", 
"INST", "INTC", "INTU", "INVH", "IONS", "IP", "IPG", "IPGP", 
"IPWR", "IQV", "IR", "IRBT", "IRM", "IRTC", "IS", "ISD", "ISRG", 
"IT", "ITCI", "ITUB", "ITW", "IVZ", "IX", "J", "JAZZ", "JBI", 
"JBL", "JBT", "JCI", "JD", "JEF", "JG", "JHX", "JJSF", "JKHY", 
"JLL", "JNJ", "JNPR", "JOE", "JPM", "JRVR", "JWN", "K", "KAI", 
"KAR", "KDP", "KEY", "KEYS", "KHC", "KIDS", "KIM", "KKR", "KLAC", 
"KLIC", "KMB", "KMI", "KMPR", "KMT", "KMX", "KN", "KNOP", "KNX", 
"KO", "KPLT", "KR", "KRG", "KRNT", "KSS", "KTB", "KTOS", "KYN", 
"L", "LAD", "LAMR", "LANC", "LAND", "LAUR", "LBRDA", "LBRDK", 
"LCID", "LCII", "LDOS", "LDP", "LEA", "LECO", "LEE", "LEG", "LEN", 
"LESL", "LEVI", "LFUS", "LGI", "LGND", "LH", "LHCG", "LHX", "LI", 
"LII", "LIN", "LITE", "LKQ", "LL", "LLL", "LLY", "LMACU", "LMND", 
"LMT", "LNC", "LNG", "LNN", "LNT", "LOGI", "LOPE", "LOW", "LPLA", 
"LRCX", "LSCC", "LSTR", "LSXMK", "LTC", "LTHM", "LULU", "LUMN", 
"LUV", "LVS", "LW", "LXFR", "LYB", "LYFT", "LYG", "LYV", "LZ", 
"M", "MA", "MAA", "MAC", "MAIN", "MAN", "MANH", "MANT", "MAR", 
"MAS", "MASI", "MAT", "MAXR", "MC", "MCD", "MCHP", "MCK", "MCO", 
"MCS", "MD", "MDB", "MDC", "MDLZ", "MDRX", "MDT", "MDU", "MDXG", 
"MED", "MEDP", "MELI", "MEOH", "MET", "MFC", "MFG", "MFGP", "MGA", 
"MGM", "MGP", "MGPI", "MGY", "MHK", "MHLD", "MIC", "MIDD", "MITK", 
"MKC", "MKL", "MKSI", "MKTX", "MLCO", "MLM", "MMC", "MMLP", "MMM", 
"MMP", "MMS", "MN", "MNRO", "MNST", "MO", "MORN", "MOS", "MPC", 
"MPLN", "MPLX", "MPW", "MPWR", "MRIN", "MRK", "MRNA", "MRO", 
"MRVL", "MS", "MSA", "MSB", "MSCI", "MSFT", "MSI", "MSM", "MSTR", 
"MT", "MTB", "MTBC", "MTCH", "MTD", "MTDR", "MTH", "MTN", "MTSI", 
"MTX", "MU", "MUFG", "MXL", "MYE", "NATI", "NAVI", "NBIX", "NCLH", 
"NCR", "NDAQ", "NDSN", "NEE", "NEM", "NEO", "NEOG", "NEU", "NEWR", 
"NFG", "NFLX", "NGG", "NGL", "NHI", "NI", "NICE", "NIO", "NKE", 
"NKTR", "NLOK", "NLSN", "NLY", "NMIH", "NMR", "NMRD", "NMRK", 
"NNN", "NNVC", "NOC", "NOK", "NOV", "NOVT", "NOW", "NPK", "NRDY", 
"NRG", "NRZ", "NS", "NSC", "NTAP", "NTES", "NTLA", "NTNX", "NTR", 
"NTRA", "NTRS", "NUAN", "NUE", "NUVA", "NVAX", "NVCR", "NVDA", 
"NVEE", "NVGS", "NVO", "NVR", "NVS", "NVT", "NWE", "NWG", "NWL", 
"NWN", "NWS", "NWSA", "NXPI", "NXST", "NYCB", "NYMX", "NYT", 
